100 100
4.00 15.56
8.00 15.34
9.00 14.27
10.00 15.52
25.00 16.31
27.00 15.52
31.00 16.42
37.00 16.77
40.00 15.81
41.00 15.35
46.00 15.79
48.00 15.75
52.00 16.03
57.00 17.14
66.00 17.16
67.00 16.80
69.00 15.96
81.00 18.00
84.00 16.83
86.00 18.14
88.00 18.26
96.00 17.07
99.00 18.09
102.00 17.64
103.00 18.52
109.00 18.15
111.00 79.06
112.00 78.85
123.00 82.31
129.00 85.37
134.00 87.02
137.00 87.72
141.00 89.59
142.00 91.54
147.00 92.72
150.00 93.41
152.00 94.18
158.00 96.60
159.00 97.00
160.00 97.36
162.00 98.13
164.00 99.37
172.00 101.61
175.00 103.40
179.00 104.48
185.00 108.13
187.00 107.54
189.00 108.02
193.00 110.91
201.00 114.20
202.00 112.91
212.00 118.27
219.00 119.62
228.00 123.18
230.00 34.62
234.00 34.04
237.00 33.56
238.00 34.03
240.00 35.15
241.00 33.58
251.00 35.75
252.00 34.32
254.00 35.56
258.00 34.28
261.00 34.87
264.00 36.47
268.00 36.59
270.00 35.17
271.00 36.20
275.00 35.67
279.00 36.57
282.00 36.29
285.00 37.39
287.00 36.38
298.00 36.80
305.00 36.89
315.00 38.17
321.00 38.21
322.00 161.87
323.00 163.90
331.00 166.71
335.00 169.81
339.00 170.31
340.00 171.60
345.00 173.72
347.00 175.90
348.00 176.34
349.00 176.60
350.00 177.20
351.00 176.61
352.00 178.25
356.00 178.81
362.00 182.20
364.00 183.08
375.00 189.75
379.00 190.74
381.00 192.52
384.00 193.19
387.00 83.82
394.00 84.22
