50 6.25
0.00 3.61
4.00 6.38
14.00 9.62
17.00 11.41
21.00 13.22
23.00 13.67
26.00 14.68
32.00 18.25
33.00 17.65
36.00 19.24
37.00 19.68
39.00 20.87
45.00 24.20
47.00 24.88
48.00 23.79
52.00 27.41
70.00 33.89
74.00 11.44
75.00 10.92
81.00 12.85
88.00 12.80
89.00 13.81
90.00 14.59
96.00 15.18
102.00 16.50
106.00 16.61
107.00 16.27
109.00 16.83
113.00 16.36
114.00 16.56
115.00 18.36
116.00 17.18
117.00 16.93
120.00 17.74
122.00 19.46
127.00 59.08
128.00 58.89
132.00 61.43
145.00 66.53
156.00 69.87
158.00 70.33
173.00 75.92
175.00 75.15
176.00 76.49
187.00 79.23
189.00 79.62
190.00 89.15
191.00 89.65
192.00 90.46
198.00 91.60
